1620470629 879693474
1646158709 449484970
3035281907 3070459333
1732293685 1026557916
3877811586 4013976909
3484591354 2831159363
514790527 2332723415
2424951958 1299538823
2384771267 3966460241
101901772 1958053321
154529741 2643362062
3502825705 2003209966
1306203812 1982863747
3240620898 3789607629
1298336763 3040858942
3528253455 1009367201
971382801 2828355266
4154108980 2235406853
661440291 2943074583
3159210111 3379370144
834916450 3825063389
2860833246 2664417053
243161354 1644524001
1228054249 280050993
3279444439 719790687
783047285 3493123320
2378788407 747629183
2750005463 62052972
4052764227 1451875890
3023818007 3391087095
3104610218 896172423
3673700950 2345295691
3837909775 3669158053
2218618867 1549703221
1110315626 488318173
647459248 385459673
2870229475 2682236241
158430451 2345556099
3022617930 1927512941
2519505031 3764383666
298739101 3973611162
1747563679 1658627210
3864115369 2641387008
3072407341 3935066490
214743996 4133819351
1257621998 3274841297
1561240309 2019702332
1526818902 2903672833
356353145 1472257131
2727808018 2974102125
561277860 1985831103
1850599023 1712703105
3133825802 2151553411
2758600969 934878332
1642144938 3841779941
2115311918 2843050263
1282099036 820862173
3967873535 3525953266
13986461 864025946
2547513113 1492988174
598316326 2971046079
3230774263 504770009
203216264 3864561319
1960089249 3266524018
1353772087 92400791
1946379075 2420720280
1638663237 200509368
4194319342 1748302007
1914551207 4048351947
3299600349 2302792634
4023016293 3045679573
4278886509 1544034277
2470815360 2838186433
2975794853 3703774159
1908056328 1022361411
2751537248 3720325507
1308281050 732082381
1952777090 3986430555
3990618734 207455901
3239993527 1051115818
1661018007 180009730
846478517 258274621
3942338596 4120155915
3776941801 2739032035
1089773183 3276621368
672624881 1019677355
2184976789 2168557032
2018774810 1769487517
3441160894 2322762037
3723068025 402338342
2594955877 2918535181
317731791 214453165
3648466861 174250732
2720350742 1064153799
3920786765 1952512054
1293373061 2052711485
4230666395 2872574883
359500417 1355126898
3196979940 2381592747
3596762729 101035809
3138852035 2582339701
3247626255 2511832237
4210993169 1501041930
1804901943 2279431923
1546918623 1806105233
79873992 2603992597
119146097 2570547873
1018338892 3189824005
2320650214 1060255983
1890817549 681935658
1738043925 328658729
3544920162 3765381391
3504780653 2122675656
2157102783 2641074073
3181085563 1723698356
2557303741 429057911
2074204807 3576088425
232265669 1896055136
524609245 163668331
3856102861 3795896238
1853361464 1249444395
986690969 1838973263
3293029801 339332867
2964477864 2085297251
815556626 1553324795
2224702593 2086676319
1111673981 2013675566
2081958200 439231669
3866448285 625890642
1979122655 2362675598
25750205 2545223707
1437797393 3504116414
3758251719 1897410060
449784245 1003555066
1430664865 47884950
4197391045 3582421710
3214142751 135241663
4140362245 3188135588
2133882879 2125439802
1114628562 2533371065
1107142788 3339823681
1840791520 2126214637
9340609 2024506293
3366103565 2631723766
1187274435 2596637234
2239027473 1295650688
1132134753 2057813576
815626971 75930357
321792603 3449504770
178376343 167148844
2492759699 1910848865
477101825 2120905534
1777055654 759807321
2109682533 2980485909
3025679114 3099856821
283773067 2254896406
1489604303 2666488728
1135628711 1172145866
3486728167 47752907
79714953 26025521
1198703352 961793065
3638726377 1340725894
502549959 2124288973
3668822863 2060735524
1359709279 2821500326
4062246676 1581714041
3661840905 3999704592
2127689907 2700236781
284025301 743646030
2624025843 262316216
3753231625 2488826624
1420665887 402740432
1851477974 2292596347
3099351648 2516001809
362423701 3814657438
105990213 1580778206
3658283322 949636847
1757849911 4204591656
777173267 385631412
2726118981 1827027008
1929053069 1727272010
1551696102 2431267461
2514333378 3676364223
3539251451 310506724
276480067 1751995347
1584346897 727116812
3541193003 187496130
3045989202 2881394135
2235766256 2007395581
2430975067 1658738062
254917318 1430084031
1443354193 724331040
1462182571 3098081081
2879203869 3364696750
1875396599 1435107464
300421502 3933881625
3197593349 2018043063
1177084542 303085427
3608365017 2768489418
3760182731 3592896364
2690624509 3546581602
1147133925 3267454279
1941005731 1415018385
1410861103 625670224
1010451709 3006794734
3952210564 74534395
4163427911 1182635880
1116843431 1628713463
4049087015 233401894
1387196539 3317061433
1239989889 1032160175
1078893737 1132141894
1383814084 3523604539
2246142697 768908323
1278368681 3534092724
660862880 1907079461
2928665647 2634063157
1672869684 2172949759
4121586213 2718676350
4293859585 3058320888
4017056425 97146826
1694936492 2831819845
605247475 612836182
3224375461 846951000
3263370603 3544004471
491769393 2259823722
3815822205 374092259
2403743619 343108800
107574267 2995573647
2810394371 1305082151
2896159429 2649002199
2115104206 612712357
2057221428 733947709
1543251383 4188465146
2113917415 406332789
1176735145 3878367293
2968461669 1746305051
549343109 3583237563
1388121603 3591325706
4063144968 2099330867
2892274680 91021477
508985307 3062105272
724715459 1208125136
1085380500 497197587
739077914 290731475
1161235466 2466189789
1834063425 1031663036
2581014524 1697163481
3549288793 3820738935
2285860417 692654489
3031350395 1703523111
4223900443 3247515167
2272599156 1201975817
349391297 4180383249
295426163 3820531013
3488192190 1954816871
3833826304 1137930483
457992654 1046931019
152763917 1504156294
1337576874 2649553547
2665311895 2972978800
1324753033 3304933314
3346407636 2452719213
1539755229 725773279
3513206346 2465422495
3522151405 929881883
3344401557 730347484
1492047777 3134150689
3550632549 3006115468
2215317024 1957200025
3076499115 2557708303
2747502389 3819263758
4228154366 2901724061
1714860340 1215814797
3136534461 2025601594
1924914256 3884009205
1599086406 1514148431
3610315001 948442660
1713927117 3008202200
567369641 2718149918
1656250749 3843578437
3231853891 984451556
484086482 2218080785
4057402339 4039723330
3825724581 1515028338
4125038629 2513297473
1809356383 1369039627
3502672503 2697804018
490042400 3055921529
2005893813 3626220090
2643459671 3636649130
2978112417 505340060
975676633 3798048340
3812728401 775039372
874427309 3255390641
2706304955 2367463937
742186141 747091629
1831138124 2554871229
3957971269 4231631477
3495753069 2021519272
2272740420 434432001
1308441913 2957280697
1954957796 1659984185
170726891 397249423
1060268213 3551343923
3050352535 417116498
146628883 4201649052
2507806618 1417926489
2625194675 3895433981
4050020645 3843327248
4215691000 342230755
3020095925 178613296
3595116791 3016178521
4202953711 4217593544
3004314937 1437308013
3733144504 3825143065
2009452753 3092542205
392399263 725951851
4074468670 1111569959
837785337 3434657285
1716499002 183095447
3552332991 1350305857
3808154393 3372676814
2370040386 3151270201
1393875003 1873891330
3133146648 2950515889
887051311 4088298147
1815944892 2102609037
534772238 1191350719
2539045441 1593548206
1090112431 1397197149
792522798 2428185707
2418736658 2713839105
1934515305 1523987465
4021603846 3548073979
2010369401 2707705164
3220136412 692081825
2032182295 1645448323
3752721571 4207922437
1766169263 781313577
3431243658 1827434337
4168885370 2084401735
2262898858 115288203
3300947527 2153548527
443455505 1498289161
4102663822 2275731485
2136863232 2044386893
3098524550 4049476893
791028819 2533158324
3371075229 2473336705
3337814311 3755177041
3921723325 3743791957
2389723211 3907276284
2686625525 1728010766
2317935957 911748975
1062576915 2630048904
2794412086 1187883449
247632085 3982229416
1001838549 3214461966
729339789 717265617
4232614741 2642795507
4167837895 308301571
4159234862 3468317021
4233806022 822070541
3637984943 1031845229
58884021 2837509574
1423154873 704830527
2494468853 2472309836
4201316459 217565313
2287811358 2890946039
1598519726 4106035677
1528963725 1635067947
3508966113 4128280323
2178985717 4157556732
3375792835 2180800373
1553018975 2653728267
1954934024 4027981739
1051779206 362254819
1178983794 3051568811
685038847 256946428
3771164305 1970559388
3092226457 423192345
746472742 2006400433
927737915 2426443672
3832833676 515185411
1377706995 2326841313
3440164005 361702097
3215334073 1935211458
1899129155 3147092678
2659314798 1481649427
818045079 853498145
727613264 1522377979
1357867267 1622562505
1698178659 2453042605
1410180340 3576488675
1061841406 2242385033
2388336369 2890307682
1555356553 599249406
1281839442 2462067677
955763383 3092719326
1344179112 3095583607
1137799402 3279918339
941283007 150438177
1496231333 947115237
2366538883 3196568761
2352907793 1978706651
2265261701 3037764722
2829004158 3564471591
2108761783 863933438
1667192542 1356033865
2621402019 701864349
3347356018 2488265229
2131756699 2272779433
3602072597 2078460303
2755827651 184624301
2379089790 3517675409
2481210472 1820977395
3532369893 2178394806
3838946008 3953075763
4106763669 2630532281
1689598065 804936289
2202851416 481034993
2455741173 1011865599
3793566219 3155055462
4251303475 2556824942
2084496650 2700526623
309744303 491511225
1125595220 192854289
1071539821 3097904179
3900872163 2335450270
3171043907 3064370192
2402184590 1799214669
4070733618 4034751247
4092174299 224928083
3039831375 1833535346
3176962145 4020108310
2517993927 3660216535
4182203014 4161114569
2445532160 135453923
1127070929 890888365
1322306975 539351687
1585338640 2327879561
222750675 2509279754
66582638 3893132291
1350067783 1947922176
1514860823 797461464
1742278955 3274142009
4293822134 4235546407
399261659 613826891
3103130687 3731675701
24871585 3803386924
952917429 3182753002
3467122138 2908180055
1905602167 3196628818
149856060 3803271013
2291821425 3094937486
4133643523 1587695043
3172845752 2236951545
1064981822 1431068633
3215255811 4266902882
1437235637 1191515840
573544363 3197604764
3372674801 1955038336
1492392121 2207636688
2613455909 1257977326
2698848503 153162524
3141837651 3182152601
2038560829 2135718878
2218807694 216705281
4249218693 1387253271
3288385233 2051794198
898150667 2596138268
2045435094 1404510507
1754900855 1367483931
1519585664 1465422527
4260067131 1985236904
1811775681 4062905304
194845117 3201264700
4005133313 3805173326
873975607 657418994
2620239271 1954539716
2123878586 2833494971
1184632227 823065227
2387160937 1880128645
3966543300 439743481
1624368093 3282963695
1027494939 853015541
3667221051 1955563238
3165396226 2833731435
782111219 613089584
1227806551 3521264078
299442436 433480841
2238979853 2372197369
2544801112 618374001
2702754065 1182908858
2120117943 3657459768
1643315381 4170338591
1891680883 2350710927
1268250468 288070963
1393251769 2662362436
2319523231 1018025369
1750652792 1926417427
993958596 3215704571
1499081496 3835303209
2523008905 1675267103
3576371567 3806763011
3826054377 2607788973
28595045 200842204
909946577 2038059837
2233951815 3815197077
210775065 3112470881
4098028660 4135370531
294594036 514474809
1812942345 891174469
503699552 1946019807
2810580201 1679742542
484027334 468065993
701224198 2535720119
646907991 821435391
4040126165 3165476200
2094470608 3860534533
3622290711 1156350546
94144017 4248597
1636537889 4110372161
2720890612 2719189705
77003034 781903553
2052143971 3058553179
796548994 1549202405
1663678585 1973323602
2021788269 2997255589
849410874 2626216699
423508143 247601914
3649110319 3281783752
141729423 2438432488
3872853504 4112903275
3644137029 3951322443
3845545099 860226736
3225541352 4009593899
3637821972 369326037
3588813913 3381980948
910160322 1842301703
3113236703 2873282069
2759624344 662260189
983556161 3000995827
3748078175 299849018
2599541475 2073585172
1580424834 553471001
2281716927 3549234244
4106952971 476386110
1952127131 246523368
201337815 570214671
1748522630 3197991523
731160315 4046779436
664886341 1799608284
851722594 2358244385
3404375588 794872189
3928794877 2641517547
125346349 3723667919
2500173709 47629270
3986765197 2941459741
4089080892 4023513165
4146610066 1713495093
896126619 2596998591
3578506591 981586073
134438921 2852923838
4186661686 2068729201
2308719329 1740966715
2227024901 450437168
636725964 564871513
2077493637 2811474855
4057061515 2075796712
3496247417 1283562924
1195672244 2543754739
547626572 2342352765
3761553545 1155158256
2730485357 4074256362
2593371467 962019769
853842340 3172418445
978717440 1458402029
3570994667 1303052015
296268959 1448907031
3884313736 1109777717
3427715713 1173667673
2356430965 1947559912
3633919465 4088516798
1500854976 260656773
2970824829 406350195
143617432 2186408517
2434923197 3147926463
2335351329 4026670356
2785510351 1142353682
2148968519 2167285038
2343138032 2142999617
2697304700 846336179
3030685397 337662636
2896802893 2759411152
3075617443 3219813019
170322038 2704286337
2197015063 3227700244
3330046853 395122924
2701371143 1553958898
1472804949 691415851
3772408984 3972810575
3018959754 3109434913
1625726692 2542147601
76960509 1182764190
3610790044 1078350733
4284204284 3566573689
3808954499 3585148991
1514299781 916572245
2656693275 3578941039
582077767 2618408150
3756491054 2373645535
3662825469 3333218473
3105396709 786826531
4171094035 3515981757
2187408679 105787698
3348636880 2413864771
3510128839 144071614
3571657943 2879031283
2622767269 474939373
3264617443 1795753224
3296858023 3215158784
2616328618 3936634129
291037477 6272110
3227069141 4163358141
47620991 3597814937
2292887207 889297972
3741591513 3940187476
2351719449 2364172889
2477404506 2474067481
4257899343 2092968933
1901248825 4051210816
2902144821 2756796813
2305197325 1633728583
3288897843 2524118891
566957155 667163059
3764831988 909732915
1460860061 2290559699
1868693631 3515451823
3411260049 3145057333
4089243705 1136836503
1792814374 1832839991
2979255437 3213438217
3654532345 700800697
2061039029 1232994649
2799198543 269257271
3240229709 207401096
3260414223 3176843988
347570935 4082816216
3105153457 1301829136
3834785075 1334075159
396713655 1515759660
3055373805 1759825532
4244628029 4227786510
4193442985 3233694289
1055552785 1287675376
4075308273 1856922031
1662078201 816119226
1820747269 1486144189
1058984866 1701547089
3761534641 1805941575
1767386167 3862152127
1422707667 3277003716
2467921739 3664513853
1982957277 3845265353
2073841059 3432629387
3242270265 1310321349
2256256567 475693711
2084248588 3686438221
2274078987 4218729549
2089024525 90620385
2519985589 34382518
3976357843 762428575
3548651325 583645684
1242178440 2085541649
1824821634 50487495
3718301219 492255080
46122186 3533674723
2505064367 1263429309
4184006893 2334514810
3462226941 3803174099
2596595319 1527759934
1049153969 1321089004
3301066280 3926115
822243819 3537014908
298973267 450988858
564125225 2967708277
214929369 4021452327
1444132662 3298350001
1389954481 1837184383
119482584 3031263577
2699905637 322936052
2713560840 378252291
4274606216 2837944413
1191182532 2313838171
3277830317 3377330790
1171412721 3309302525
97850789 964057990
3773939343 3099964747
187606937 1565585690
3526237463 4018854111
766171689 1361189297
4274247911 661263918
620165527 3804375454
296534867 1153451944
3611830642 2352144333
1839845333 3525346127
3326108989 1996930144
2186628166 3702755611
2236106664 3996913623
3004624055 1749500709
816658892 21483413
4223036056 4162346831
1823830448 2629015825
4000984777 920197657
2515270621 3990124253
259518817 3852210140
1654512063 3437015500
2680573869 4004331805
1596753576 1530062119
2232273016 2651552321
2497317249 1059655860
3592898923 113228319
2416926061 4268817301
25853037 359386418
782804643 1030335793
2027146827 1442919079
3544083171 4199585904
3569074468 3164565501
1473397511 2961807592
2947566632 1849269443
3654440361 2797086996
2717178431 3680744518
2973959840 768285341
1332176505 4028971288
3715629112 3554066403
1487303953 406971350
2468785559 901739319
3114048901 4090095386
2143357162 2889628537
508756843 417201315
1414353818 1801322051
2660303252 2499808301
2952494533 2896276252
2086245496 895274165
3006222838 1945968675
1448139133 1772844925
2365726447 3503942282
1388198246 444789683
2869442748 2684885029
2240159843 1964606409
1831235276 1337923093
3738123213 2214285243
2108750486 2494194525
2381828970 2782153029
247354769 743521035
3474168635 3274069734
2908435461 1980305391
3689137745 2748651933
75680577 2950333380
1475480131 4255577665
3282340123 2786184837
1269564390 1144659565
3124588242 2285037281
864496385 1577044395
2786681639 1196316448
1106186037 1178356669
2663242385 2002368661
3282480300 4066977689
2521377315 2911770887
2946363851 3966817053
1650725407 3349100173
1473303007 1639657236
1774747681 925679455
4129775814 888256557
2216665559 1114040006
369960340 1207086261
2280778720 455197947
1843792951 4120788515
2530812083 2753113051
2867076179 4284746421
4092962308 131326995
212414629 3129331435
260180615 4188774614
1839116797 2956794744
3101808462 3400635853
2238806881 1871667480
4240434887 941117672
619842351 3436906930
1492868618 462351763
1434709343 2846888236
1812103574 1335240103
2383323657 1316986904
126262855 3087172383
2500003453 2644011818
3706906401 3325215497
401456213 2668290649
1341564468 2692810313
1417229937 3039098576
2873318962 1722594529
2350718111 3411712877
1459821101 2346490137
3154650351 4204790595
2949901199 156104221
4281302557 1617145594
1852346767 3060501049
397403342 740672435
1715019917 1293777306
567699523 1782456269
1546589317 432141543
2913315178 13827505
2367193936 1085773125
1542898540 2916028547
172118311 1126689188
1092332173 1904540321
1714436609 1572991166
2620021089 1024312586
3447687901 2565417436
2728549475 1654461449
1968795285 2368171929
3554579867 3157662562
3704974600 3258454035
641359723 1513681947
1167653130 3707971741
2676186380 2838616499
3045821637 328004277
3898731774 1644962393
1120007059 3220301800
4133379677 1601549817
4210018537 4103799534
2402646615 2193911738
4228689251 842541391
3253076083 1302226616
477818312 4086962609
3469626670 3528004585
1783937913 2231166463
1492155591 3539995812
3102172801 187733123
3935184139 2470952069
1199036843 292339622
1630309308 575527185
4251868562 4190738763
664947101 2147853662
1715731781 2038016519
1531412309 2715058743
2500800867 2759500989
847570989 3596103564
3303916807 225079251
2243666274 2472561435
4136845611 307343761
1164558324 2048703495
3253369595 2642392309
379282137 3255223362
1137848678 1840975503
90309490 3048034117
3843126204 4172608665
1030783544 1180087321
926015139 2256575776
380442033 2434162066
3039655149 1606985187
3965057645 57919097
1198799970 1053328265
2042407223 3616801205
3486195678 1120084483
3070793000 2891682681
99967254 1089711145
378626181 3094898012
3412316383 3627528763
3620351744 720710191
2022642107 3052486315
3710705234 2698311149
3901477043 2913779790
928045255 3900302147
4125929952 593825441
1114883888 4000844803
1261114225 1981347931
1463464633 2228867219
1202381865 3687148835
2216812715 2950665134
114640250 3805730493
3830952270 4157512741
2868962701 2174302661
3564593447 494729976
3348090551 1562437054
2595577087 673148567
97610542 1124129713
3333897961 318105699
3953280393 3835749615
439734052 2567942439
3521618831 2022285585
4012157457 3798632657
770983074 3027094489
3306422853 3866605498
742100963 3525895711
1795602789 3185954661
1113442175 2489747093
2022298693 263383245
731335387 3828072086
1005040804 1432304659
3911284453 4107228147
4063577219 2871654444
1102130703 446037255
2285254912 3188498683
1298266262 2333652401
3997791413 3330213858
3081423839 1907611308
550101715 743846369
3118168063 2493500676
1933196142 4024440647
2064546772 1541701785
448645345 2954394164
1073643305 1826782953
795228419 2993020623
3378183581 3997375174
2028686290 1206982405
2780039136 3187380737
3758982731 4275843332
1455747620 1538693319
2954907151 182822627
3086567065 3387743588
2350337508 3792568707
3058957571 1536898786
2782899653 52527944
1172840299 3282617692
1080012874 1288718451
3722144873 2836456434
4239619423 2615112256
3076057968 3075672699
3438275826 388048671
3929397137 390291260
1814756769 1325395641
2628511708 600805907
202502746 864642039
2756169011 469828024
3730611725 3974469346
2000858386 2960228169
2273209994 673766693
1977396271 3909600008
777864753 2512708976
588120196 4042896147
3416359044 304812707
3582694945 855038667
1346115333 3484953929
2877248605 105042518
3822414003 2803293101
1249197554 1435223747
3520473597 1511895621
1447841623 3966908005
3601851407 1441486875
3099717200 3810317847
3874974950 761544701
1569322632 3598532389
3627795106 1051290849
1461639281 3861462531
2471889649 3119888150
1827321038 211030849
753820971 3546632884
1537546541 3314689307
1597717679 2223498390
787462821 394539472
1576011127 1831778924
102918873 1254746496
158788900 74327439
2006070889 4192910092
3936034702 2701225329
1189530707 3138642547
3082780967 3164252556
1556046397 1952134865
2809074738 4108537563
120273774 2160341927
2863741143 3599788098
2367474930 67533563
259943601 3917738008
635858327 698424923
1856341721 2528042977
3028157867 2209175639
1056864286 2424111995
1762398713 3145907983
3081669140 1252108949
3588922653 2090387575
4080075418 1049357551
3145884145 2507469232
3252564726 3706750641
1641776627 1669858227
2190265307 1599331583
4216510767 1508396054
2400852753 2964182416
3659052673 299496306
1981419867 2977437995
339919047 61879409
3390961568 1039089099
3856837210 2758021443
4276281353 420978845
4003628941 228733602
408136920 2376772279
3119592524 4042551119
3600658195 935204561
3743470206 2120296009
2645215427 1847958782
2271894963 3823730683
4019229995 2525019132
3079786807 865775365
1893597422 3283527051
159649037 3841281521
2834166649 3784233358
2190690815 3905883901
1304944460 1215479483
1760995846 3072272879
1858284781 1876812289
1212355933 667187201
2983964163 1731757973
80146079 894590950
1644704137 1741933308
1878873517 816529781
4236427361 2853495179
3244076711 1418850404
3205412863 1586261637
4019527054 2803814111
3425614838 404281147
3681761406 1381173073
1396820487 3145579345
1585742469 4081380406
2403343719 2709473828
3024008147 464544677
3717972564 1444949027
720863398 1713931941
577882381 2786660947
3555447071 2238683672
3703022721 1938893716
2325826171 1281424727
2487528585 350693996
3612995170 3696955433
3074095555 1923105130
1599070831 3597215447
4026102314 1132377325
2329881593 1888530808
2749042113 1888861271
3880393487 840465336
2540862275 244417065
2413961613 1277408696
221846962 109253567
3855256101 1204157079
1344933238 2031971929
3713202634 504652703
4169139286 3114760967
4127477867 2220248771
320139465 1844432530
7287493 1750902439
1399192722 300374605
2741903326 2462764449
2433077304 1596684075
3285591559 1795555275
2591977431 3036741934
3901866469 3858569087
779090540 2190316353
1412344042 2637912099
1953561570 775365377
2609437723 2546513714
522785817 1806186987
1391110766 3623171721
3451871931 3375370876
2414961051 4162028559
3461944634 3739817139
12118070 259069991
3078364991 3729557573
2399750783 1228241501
4270956021 3382290245
417380077 1016108361
3347001596 792214601
2024436330 2110989371
2973389521 3436955887
3743455849 3412782263
4264034404 914279165
2986217603 2682187358
1507334325 234306685
67033967 1361189318
301021970 2091570965
4026631817 1573127456
3648390867 3122731875
934138763 2556296011
2784715113 248306414
1922596361 555083242
4274446231 1249084464
4191025829 2736284897
4264397632 2838593915
1164547416 3601982367
1564742966 884952057
1375709011 2068219208
4035579211 1165267521
3458263077 1583982921
2061182621 106104772
126400781 2338036614
4197408281 3783771163
42913790 3088409599
3137517388 1914672901
3739224193 782941394
1146938929 2185681762
185914742 112516697
4133376461 2099481239
2240372661 3542099793
2271859772 2066349383
2840531999 666362608
1084080669 3906570178
1240814025 15581559
210638326 3409915515
920701501 1448534710
4079235723 225276134
2249410839 497683549
3396260037 2986954868
2387758751 2231360969
2845974057 2993848494
1494410731 2377933467
3458510825 1197259259
304215440 826775747
3517524361 1153816242
2782544473 2408797095
2609968 1928742095
2546717738 4239601769
465889855 219257721
3287594318 3864160115
3726970483 3260763331
3486684849 2994644677
1454986253 1392625976
3329113024 3434136413
500483107 3718162243
722166417 1612978223
767174465 1272119525
2216310869 3940231003
556584856 1950335949
410266126 4075914173
1666651636 1010243617
2052880940 382147183
1650277859 839416433
2290240749 1675806819
3402335208 1495878339
1703578051 3987505019
44205991 1753593531
2855762281 102758464
3096354349 1927061823
8461234 893155521
2389413024 4264006113
2143858415 1459350687
4193215594 3389035535
77857170 1563635783
524147001 1289092827
484982125 988158827
1292927310 2883555117
2310495548 580974553
2253660484 993454447
1031524240 2656333655
1857082939 739228690
1701562685 4280981246
2381137317 641307405
3829682161 782364460
1706409452 2044204879
1952326144 729321895
1741013453 195383262
3461831077 1221506479
3602497560 728854203
2461365392 1158703377
4266725719 631144508
1682982609 445015024
39428826 1044810473
2265380343 2805496536
3811665356 1205442399
2944800797 3418079046
4181150134 2851711639
3057394077 2378918702
1115269287 1628630403
2381545066 1900226629
3905905240 1505221339
2706163850 3623973551
924419931 3896584866
997223916 1252736641
806404941 2074462772
3437955258 3777207287
3971899411 3336513748
3308675907 983027620
472628876 4233110161
3181106194 1769287395
744555789 4245741404
2886733783 3346224828
930271735 532522518
2916637084 481426639
2299189011 3265884964
1743108284 3119061911
4039877863 2253474214
26423931 1085166393
759021331 921191678
4096682215 3426166438
2259881206 4259303257
3211335986 4215920215
898377564 2672233295
950114734 578135567
2362922752 3775453687
1911661531 352181169
1560756061 2534040206
3704347234 728284293
844195579 2438177174
923707305 925511152
1025543187 3537102458
3653204581 2176921151
4169148847 2183895357
841663168 1025876573
310445535 2931083475
157857518 298202249
2392460039 2582978297
689411811 2724227705
3394289116 4049177415
586531415 4203731216
2085061733 2084596277
780310663 1290020404
76012151 3284168328
1091628444 1803632455
3473702623 696292458
2200910660 1564704663
2994234821 805685416
3407233786 1804960289
3695727197 1248065716
2314857103 3033179073
568199674 575820813
1438251683 2916202272
671692441 2334426303
1895791461 2575096185
3039182083 713614950
1521417173 1079814881
1491785893 138897383
3852435115 1212393300
3445763811 989476112
1001738621 1985413394
1054279643 3807303496
2679354235 3954852838
3353011133 3167129397
3931819927 4010448039
3743742041 3939175724
3171976267 3784191141
2518350965 271759518
1048405647 2611446454
1514072834 4156290543
168540773 2571952653
887303935 2317430543
2342712985 2823475353
1873504531 3865984255
314841293 1701231866
1611082890 2077344689
1616233961 1518433713
1968401326 2388103461
532349443 941113183
4159478646 3726064137
807457643 4044717717
3042284779 73861702
1730168296 3911307659
4249123508 1651043047
2102516690 537280059
664930454 4062368633
3029814303 3514177184
1072050948 702465137
4098011742 723900375
4281891845 3447144114
232154809 505540111
1436912642 3542065011
4290460206 1535477849
3437225625 4010641443
861480043 2889687899
239715139 2716238365
4122866241 3336784436
2322237059 3722948386
802767796 2408999209
237993866 2156983983
2588566075 2186744597
1056973153 2008543906
3531196852 2679107393
2258615741 1636911068
1716022061 3750164152
909256 3385445625
2159098179 1588133576
932155881 2946894960
3058889149 1382923901
3447966648 1823680785
596403673 3851586377
3317964217 2574053697
1551685271 3314710737
953387776 1671222735
1703935626 1513763563
2065018006 170355153
1984164679 1710361746
971067951 2325756064
3824883631 899404883
3174397451 711037533
213097715 649725292
4063195267 2467882138
1324258931 1809001148
3821046073 3528931909
3681303970 3628508305
2041842958 1669150889
2749675395 3840081117
3887493640 798964903
809267688 978375277
1644636487 1488821686
3499183720 1662071139
2800223800 3803163753
1460935557 2051260465
3757038893 2115320758
418464742 1957912099
1299211572 2930047031
575544945 3780177024
2780301463 1312888064
779131684 2353332697
109626596 3561915263
3746364749 1161019473
2195704555 4150815356
4221351395 2200477969
3575925346 3890412705
1417783524 3962554857
524856151 1018961685
1458247461 3037708109
2179622887 2980599196
2895770595 3088346068
3370213471 1089052448
2118913221 4261646425
930817978 4122832905
1238243338 736232991
325311909 719143857
3567140827 3357830538
3534741377 802949247
1616657467 4012235023
901965982 70251471
693657027 1832926604
3676206661 2277640380
2154483745 357593340
1578495877 1951798740
3368426183 1087925085
3809789029 2121191902
3898963147 2191704347
1551727557 3986520029
3154790396 2517916085
3086844324 1083177725
1032697537 1522213740
1873145205 1930014962
3126033858 1368973253
2307426317 317999965
3304809639 3983110833
4084178471 1055873944
605354374 2859628267
2130495921 2493208214
1291172637 2768238579
995591489 3309001527
267720636 2341179867
3623544533 798451855
4037191580 1717425449
626560773 1866431827
3793896745 1939705509
2013366566 1182227625
3891238691 1965264194
1442655993 3927507702
3880420607 3633066366
3595700313 613162042
4225889579 4119028429
339161195 2653565567
2307697679 2223461189
3273545925 66569167
2124093966 2627657929
3852942353 4241280510
804784939 2869101538
2401919144 791613107
3388682350 1094186401
195109193 3284103694
548336559 2556585025
832440079 3054529812
2302284815 1198227547
1856387070 479274771
2870793485 2689224410
1642842043 3003572523
2610563331 1863606120
3708845180 3813542761
3851073113 955188223
2011827733 1944787406
3040390505 2913680194
1586931932 2078049775
773551739 560817996
3220513256 1086942443
3146496780 92626345
704342853 636147147
255690417 3645778950
1158892396 3859403217
1367222953 2793623020
1689192936 3899077127
1534468471 2648980590
2984209818 3303360799
468605125 2424975001
352283747 1432685775
3643748117 2988126385
284161841 877278853
2355281181 4096365181
4123211752 4080457803
3879568927 882355254
96526491 1184998320
1712276476 916244381
3535538222 2656186803
899531589 2655927354
1390148055 2820900818
733212243 820393285
347005439 2246130392
2118906525 843883775
4006606419 1932387602
2738287165 2570020511
310173345 2247973981
2717378389 100791029
1014997769 3709327963
3371528257 1146554746
2908691671 1311183664
3085492942 1784598667
2616251258 674479065
3144921703 837668597
739759309 1019425366
1855901065 4256870746
3717966347 3853387238
2901083081 3561211619
2877097753 1438576592
3635928314 3604103235
446451266 1106537571
1819632808 3403197319
1904615249 1305380980
1140780143 260381772
1640669914 83902607
1621738355 2413863640
2899690337 3237784111
2609379502 1451282549
2372145552 1252756499
3445388353 2091574788
500422321 1703892717
2000790026 2270853847
2764911287 3714018371
4038721453 2099505241
2350712521 3188784750
1391487946 89479737
3063386639 2333458606
54871016 1660335049
2158424095 2461521072
81039549 1546145235
1553156352 3356715387
2092745919 32157212
489029183 2421959019
1120621023 1855174313
3457868225 286962432
798435353 1594743393
1451034815 3073615884
3324158482 3422111609
1525961431 2093017652
3927142874 2042584201
4238844623 2078911926
3197930821 898410216
62155252 4036025331
1441757725 121671006
2098935157 1781269446
2008419729 431282464
1663311897 1028659194
726402083 4047961626
1201465264 2930131297
4186077766 2270394143
1973316037 1117446993
624076315 1340089547
3648026608 3655710663
3167997479 1345585488
232661995 1907362111
215208203 250711376
3172483030 2103787109
2817758362 783023141
4054925417 342506864
1811230497 97469468
1894892840 2275998447
3795847989 1513088549
840834199 783432827
4137536781 2659306244
3969000841 856470732
3383296513 2161321573
2276886489 3524959848
3408515345 1147955532
1393156747 3099620250
52499697 91917694
3415518255 3541664728
2623740550 3649471671
968759895 1873730681
3702832231 190399744
2291687071 1294532673
1484635369 1234757148
3265904304 1050021507
1660002608 1989035587
270481706 1470667255
208906913 1206474648
1800561895 238728553
119992439 879920940
2504369746 972169295
2594336458 499208985
93585229 4143521158
2296111053 1856850011
1608148953 1327981668
398545250 58064653
3156709909 3150548249
2165477669 4047813383
2754629217 3084559430
2457001443 3187213000
247592167 1115821234
3603801613 3053219368
850315198 2755580859
2774481329 2344336271
457019123 727528219
2399448123 2073355210
2132070692 1976230541
2083930202 523065215
426604942 141846643
663250615 4147265982
1388264317 1075107556
2112580677 188030234
2631800845 1922269957
1215889821 593884074
627796885 1316613037
3061086985 2445103038
1442845615 824205878
1858911269 819690630
3364811717 1727436068
963562316 77726599
535383057 3603448010
4154075877 837625403
2769272478 2097310835
3187131620 815396535
1362215981 1315171275
2062195412 2493251749
2573101985 828702386
2781254114 1380784547
2299718583 1027933889
2747032248 1873830317
3025344321 653133644
746320757 3254203643
3999685893 1245415555
461569449 1288783534
1414404992 2209007301
1086316849 558429888
3278741753 2012805251
2097455985 4182187812
3146570818 1362162737
2495274721 559411694
3437477219 3328699428
2197892114 3689763915
334892249 4251145121
742269939 1318614560
2969566961 3371939422
26776739 3070067535
292970560 808704007
4238816549 2421084779
2689571730 2709136907
2567381697 1505582798
1173881744 2938131817
2407593813 1902142424
2369069787 4236213522
2368404805 2720072321
814199075 665130091
1906504894 1141974791
3714154873 3920648659
3256194509 886116767
242071555 314243614
1183422100 2812640393
911344038 3765633505
286449025 861900386
232160739 65873482
1229893109 2712524454
152495081 2195386001
1760365710 2911206475
2129062396 2435932603
4043720963 3162909099
900254879 787251138
33209247 4270528328
1050560180 3118139357
873319592 340101355
156553517 1518459943
3961424533 2839435958
3083989609 3332211374
887944487 1185885041
4243655756 920698575
4159279797 2448427289
3142608887 4277226725
2217301735 1878180111
690333983 3152907636
2172277109 1528030122
1006688666 3481149455
2808257183 4201482245
639613272 3962583343
1426152101 749227440
2570676371 1453994330
121204713 4071135736
3375411204 1385550323
3487128251 3146872784
1873480679 79355929
2457846505 4222358651
1667343529 440261961
3736270308 3561289571
4236818904 3255060185
2113969831 4097430283
1530991616 984946749
3154828837 3362247748
525397143 1942775951
1982360927 3521030787
3077802728 2776616845
4177142742 1285559191
3430491006 3408036155
2720379961 1294938772
3961503082 3725199695
1841905315 1416229483
4195242046 1427867785
4111167200 1630811839
664951742 183631205
3312846420 3390605261
4013764901 1032301588
394733509 721567380
1605527673 1710104419
3440870583 2652995480
706408663 2317032521
3958933608 1232741435
3623131980 1469796427
3057743106 147970687
2175260277 778604375
387738827 2656731683
1147246889 147548618
562066561 2815147968
3494435271 2704252047
3262801409 2193965323
4158072367 2995750760
3928022880 3764832025
1429781004 378086327
3075547289 1355369007
1820391225 1034894105
977593215 825982414
3251502559 2034529913
3894233464 331599247
3866648131 2335833164
2993224596 2220626387
2016562344 1366793931
328543401 4213622076
110386653 3909214906
2889134815 4189602517
3001517915 1750949197
4196478099 1464995594
1393674952 339198267
1033599460 601770315
1792278735 4072618033
1968561331 1508263065
3913021137 735605470
2734431415 4256951341
2502226641 1673850240
168652965 3221884380
1304527130 1023786825
365319252 3244743929
2536312847 772162010
1222314957 4089400206
3242626271 1324456336
1271073775 4197716305
985398752 740002047
3354875187 3573278621
1696741425 3611090917
3681157227 4143266430
3763902912 4024117361
3313010305 241014541
1931206451 3982404696
3063466334 2295133259
2732996373 1580128318
1887794059 1026156816
263850991 1373645751
1790137945 3602665424
4134485035 3233568716
1785974191 1153155424
2374376384 3602779967
1535577829 1318460047
23103954 2056512909
3068146497 2887373416
1222976730 3575373541
3425871532 3918688131
341977132 3270070979
1520842127 2499449108
1695696250 1948980799
1245599701 2710152498
400219915 2374869890
3145611225 1941864069
2874882456 4017692413
33183364 836852285
319973521 3172635450
211111395 1555760758
2308341419 2890304421
1239468655 2241179530
650633050 781203671
2470167025 495399495
1821107969 1264921787
2547209797 1743583890
1145177073 3618779873
1129994992 3140797103
485011561 213696406
2051120104 3705135729
2168868036 1489140441
2838213431 3528534744
2352389773 2287599737
2303535171 1194556285
3645911018 207679383
3341075381 924174809
3411570764 829061475
1855787681 345353890
2598033910 3717966943
3241041735 1237710385
700204967 3178073838
354693835 2785429492
1321649233 3750505908
1313244863 1021014409
190416346 446244963
3847871951 65254350
737037203 1410368659
996898345 3429170525
3650076366 4284442113
2342851575 1274120294
3878593627 2998319876
2980166995 1394849921
4059080466 3415661441
2848655761 3015443475
3753102123 837077212
708925481 1139976209
1231729789 3949849179
1965009182 1100731907
84851577 10474307
3636595749 1439238165
3294985788 533588777
223994389 2112090178
1453372517 3531911613
2298884442 2811890727
526234203 3866905686
2600416936 293019057
2452211052 664191647
1923395509 835858943
933632251 3514858081
3162511936 3479810557
3255924901 805110886
1718346051 3850579281
2798247695 141039746
3257539946 1267196607
162565130 2488350159
3899009440 2191770753
2281238708 135375163
878442590 2122704231
1743991324 3404537717
1208672699 4256775991
1239770160 3269388669
3125640077 631239768
1444861543 3502208815
1391008708 700731079
2482936404 517677237
578039878 692799737
664297847 529413891
3038815406 4147171199
1982441431 800062503
1827001653 2712274676
4157575293 3736067189
2413006487 2700512494
3271720129 297158473
3046120713 147981574
798102297 2112457791
1059195367 3856607117
2002660774 2782176753
793445370 2484822479
1484740320 1710835185
2084109533 206690716
992639022 2879659131
871198409 1341644538
53379633 4098933619
2047109088 159123047
2615494576 4256550077
599039017 203522206
576174970 4268949651
4013934131 3451206487
968249405 2769341783
3796639689 1528641905
542151449 1730153181
1374016279 4090458716
3357931122 3189035269
436802670 3989354669
213813860 4125217279
3255423555 2247077362
2292863237 1552530173
2687000326 3408643823
1345804551 221782258
693136519 1667810252
1266598200 3581560521
2161675276 2867997423
830645232 3861662565
3619634550 126610435
1126345096 2497366109
2500755659 1612327659
3009897606 1943906255
1457340718 1563642459
3470772311 1804557510
2223411063 96643535
1296081889 631275699
2618667324 161952617
1782031130 3672814439
1165075162 3609980397
464162027 1672973077
671258409 3682515023
3940617301 416974826
2737143184 2913586517
4141800045 2328592884
3133305624 93315037
2380056448 3309794061
954666955 429987801
2285433424 3365473851
2137817869 2405448311
2192238789 2124364949
993450740 3610817071
2798222497 2298647604
2359717 3296088872
1349812250 1252459129
79897158 54008293
3107563394 3266726129
2803489094 2127567415
2571248085 694379568
2083924290 2309099099
3675035368 2191719143
3527685555 36934543
2206058057 4122439296
617632142 2279467443
2785353100 3152816537
2834368510 2730292691
2580284955 112153451
1993905070 2635779645
313861846 2670300043
2206224892 4196740707
980703563 3936494773
2551647177 1124534838
381491845 3302550812
2300507712 2115908435
649495133 999223578
1247748621 2864321014
1336371853 4151422478
3504346289 901450912
1626448385 469556895
4065655877 212049309
3682924023 3435615195
3087278467 4264892265
2469752998 3749643819
1815860652 2935974591
2227967005 1450862181
3443445315 2897204923
1180077905 3980269924
2725588292 4257685099
1047836441 3018212960
783887316 3885182411
3311774537 2603709174
4285855478 2198772365
3022101781 1509083264
3816585883 2602821638
2961885127 1987689000
618681200 2456407123
803974098 1943674187
2712625602 1506503571
1187710698 2909677783
277312617 2272829587
1086937538 4133400355
41777517 3320534070
3460043489 2302959484
3954756583 4030841447
4039227238 4078272739
2267478101 160489281
1157610244 4131794265
2645869516 648637143
1324594431 576512985
242287901 200589189
620708861 1239681826
485988523 1796685313
1221525197 3042411917
2610236137 3403183377
3017990039 2675838396
2601403513 177478352
2368808327 3113977301
2547182649 885478377
1307839234 1331721111
2269465005 1201386341
3729729818 1894816199
1875823975 121473629
1458335519 1511716583
3135668610 824291323
3664761501 4128058500
4110942131 23613824
2841125869 3210113271
3957833547 3774035529
3617740888 2409718975
2895921246 3745964765
3663598654 3244283461
3597896913 2421644960
2743166754 3435981187
884602467 3127529593
1770178853 1239763206
1402474117 1273500495
1318609306 3126820299
4269047602 2730775449
308083054 2671872441
928739423 2732202925
3385179059 3104607454
3365894690 3693626271
1394416865 555237873
1028260312 777582719
1049026070 3254662409
2396612029 2787652087
2140594789 1026484512
247534161 335482470
3361138559 308355094
2176075059 1566071294
2491362240 2548561281
980187176 164929859
2167939000 168119047
2907177014 416150417
1377415062 1108027351
1558252937 3484785929
453929432 3023669329
2812696209 1630219868
1251092323 172809524
1883089130 1709131
1448307221 3674052364
886599894 3260360369
317736347 3921214798
2721495595 4147268461
2400864811 3811538675
3553016991 576053224
2377010775 2676567560
2676843761 3715572767
567099793 2061677062
579430051 1304311806
1532511374 1810368063
1412140390 312346477
1424410453 2035396269
1006616057 1272634756
1454959975 1741151702
3037515223 1679748009
3525745743 194755357
499991514 4292574797
3186920103 3207756452
888896349 3971993756
148949993 1866659265
4110872609 1911788747
1791153845 3983464344
488097767 1049367809
1680884999 1039889790
119952545 2058551745
4161372547 1996159911
4068718095 3686113075
4063359841 1654794774
1346640132 387149665
2303095347 1497871511
818910989 3232032938
2998041145 1500333333
2297299732 746980593
3067888714 964754601
2525285739 1803070409
3056586205 2011649901
2802072486 3647019231
3926019830 460952541
3740391931 4240318613
3540070521 1732969049
1018902663 1989808359
641182887 1870716573
2059306367 1893217098
2752528483 943974714
1003217191 900225283
3351323735 188580186
3865453077 2500944723
721316144 829646347
3304647357 2190297347
372535357 1513088785
4215352767 1505658918
2608995733 3418991084
424455255 1535828128
271675913 649152267
1943202012 2943817071
2747192531 2737735534
3271941984 4162001969
3415758011 595303378
1619762389 1515174159
120361347 1251824012
3984621846 2884394479
1054991207 1615688651
3970901281 3665548168
2349287271 764509436
415732148 798263087
2952317767 1339537250
1316919602 3324112963
4273908631 2081552129
3837143252 109123093
2750710269 657219957
1495856357 2204991046
3535452130 1455214733
1309030205 2569796282
3437774766 1176005055
1779891849 3750319957
4146260137 558019486
2994081338 435320989
1257146949 1705837689
