51 65
82 63
27 87
29 5
89 88
43 44
58 79
57 24
67 91
75 39
62 17
40 19
65 92
91 78
65 86
7 24
87 99
41 89
57 70
59 96
87 49
85 4
88 69
28 55
58 33
38 81
59 25
51 36
30 9
17 52
29 94
59 99
65 67
63 20
65 93
44 57
97 71
25 39
8 55
71 83
17 59
37 72
78 71
17 22
71 8
60 7
69 48
95 9
8 35
23 40
7 86
89 77
11 27
67 97
20 5
82 3
77 52
73 14
64 45
29 100
66 35
97 32
25 81
39 17
13 95
35 10
5 10
72 87
5 57
56 19
46 85
17 98
99 64
11 28
33 72
63 67
13 86
49 58
96 95
5 85
16 75
81 11
98 11
47 30
6 85
28 47
73 58
39 12
79 41
97 59
94 59
19 31
26 37
19 36
56 81
71 100
96 29
83 91
16 53
33 50
