2830847819 4104484409
3209077291 1939456407
3763168644 69119807
2832042078 160984154
537819448 2997574439
2493689934 2071929259
1998566514 2203914871
3092164149 1898377834
1423101109 2584798615
4042932519 602622061
954169388 3563402484
430119899 365262192
3005878231 2445619213
4074318641 798443359
4053791179 2952080169
1814371896 2362622341
2330433225 2569378814
3491300813 2140034164
1866240170 2603468943
2650741810 221484477
906070547 1525425535
792816306 1016351687
1544421316 3586863514
3721642420 2531181008
3176774542 731745960
4192663531 45624752
2327523409 1907204122
3612007378 4157272131
3744653616 659514983
2863010333 3170541791
636797925 4081872296
3455511224 1051375108
3816983983 265647348
4274656366 791465872
2861281618 3236775362
3091980579 1115167502
2253263347 422630973
4025228742 4106652114
3092176656 392030479
721541222 977290236
208911693 3562270420
3937515264 3559355080
3681797709 2568751470
2449726468 2205251734
1383319031 2162408648
4141017323 2009998303
2655042132 116205190
482887087 864278178
156142777 700477118
1034881010 1346605947
1927745418 8057109
2435744064 2194051864
3240636370 1323107695
2574230085 532504763
3904496138 246130020
16013101 1995172629
1090812719 3266201709
1121153498 2786353330
2780567674 280835412
3369843738 2982660972
2598605631 1713306536
289994690 410661405
1412632757 1006117864
432102044 3126974551
3750990583 3391023474
787052962 4193202727
1133835587 669717150
1933258617 274314209
2762067581 430401071
352697980 3913613517
3502361661 958539097
284218024 4175200977
388695241 740738995
402258015 2425701508
907468263 2428686087
2592190330 303212575
2931876346 1862990622
1010123520 2014413740
1662285846 585122737
345951922 1990244201
4159019073 720987736
173844545 310246173
2185346194 1335219183
3309405960 1975349896
1184561868 2691151325
3374808806 3906593510
1431126878 2215742540
2615564692 3638740754
3760700233 37550201
2349055570 3868056873
3554533594 1541106653
2759649862 3911932765
1823454005 1006179276
140678195 733370854
988769647 3210118778
2853575263 1204609571
69305597 78435082
3764237036 323018456
4254763145 2454067905
2406004354 1731691578
3801542364 1510449548
390090757 87139750
886891734 387635974
1240032378 1804868578
3644313672 1255370325
4287190862 883420557
1416258157 1484173086
3913348195 3281999260
2486603779 4217100468
4070763643 2628817455
3239811796 1602363848
2869387833 413505147
2567760181 293891687
3534695886 1527787883
2019555820 578500031
935376715 2607462114
3329898956 2330653749
2464606658 2718462088
1620356966 2906755989
3828821314 3668846145
4125324640 708023670
3968187224 3872312825
340761708 4275175761
1044323212 3460955863
298137472 3831215743
2898870714 469219835
3132387996 408848974
407215650 2504933134
3627545475 3419798343
272450345 3702821724
3559925250 2369170850
837173778 3905832732
1998394506 4171939318
3685402104 907017480
2975229727 1812400431
2190018359 345411061
1783713364 3838053320
3420392630 961175442
3608752999 3608280801
1273363650 2053187039
4009559104 2307507711
594286146 3688321204
608846238 1107210944
1952069077 2753932217
3653488665 36192035
4287084482 1257336700
2727760433 1413973202
879700415 1487815982
1079683932 2217547053
1801283133 1258764248
3216843844 1880789304
3140558636 1236664695
568097942 2845489699
1620191502 3468672355
1218492492 2284520102
19337981 474454705
3061310815 2895982841
2150412872 1215267314
3583607730 3278140972
4164878814 4209505841
2972137815 4007105005
2564493811 943492351
537982571 3683595496
4108546570 2224928231
3924799032 4178150514
2143223152 535877019
1232881099 1584538296
352580338 2287836822
863063499 3904709398
293320995 2437710383
783246932 2859100884
2599132393 483259620
323409879 3413269693
3346505888 90174979
2555804476 1134367066
3547755466 3724488169
3942631302 337265893
418079907 2999468259
3789683872 572280038
401450436 2885386187
2353678054 4043030069
2528286929 680105135
18353068 494495741
228240626 322088430
1054106131 3424796332
2708544134 2048649300
1497668221 4130982800
3005105374 3010692195
554001673 37579684
1916925531 400120922
2382259753 1345210431
2863478332 2883963149
1786809774 1929366005
1954319244 3938439059
2324583909 1302538067
2984457956 956967358
3904302267 470784372
643015597 1612104095
1382643085 2260046874
3979906661 244878210
739858772 2755203864
4008712008 1688650240
567569520 2231297453
1714707420 973813331
3730823114 843610904
2773927895 2508605305
3489019828 16920518
454803024 1519212732
845891771 1812095531
4189140445 2351168627
993901226 85804858
2171162464 1666087987
269212839 860108555
282648512 1677881622
2761059427 1589051544
782275865 3758277952
1974740759 1804745797
3298872069 916164586
271746758 2897181835
1385917791 1692686415
4092387091 3365738117
1316520180 3870534964
2799995371 1191817135
283983495 4189636956
1394307133 1764397552
2173223374 3047820345
697892218 3863559347
3552681941 439804115
153348890 891125110
3094776687 3569714398
2754617500 3683161582
3725517349 1106354672
403867223 3531992054
2310510069 2442693782
382816604 1454879012
846242758 2983539724
2828466072 2582398794
3461749085 2505287008
988072433 2408340596
1876069314 3621473066
3635437682 1150419416
4172522300 3171120050
2320447463 820647529
1365832798 2901551792
2481684952 4160418851
3415769672 911782870
162183366 1378364300
1959798140 2112745947
1415870670 3463613096
2419191668 182818435
1091833612 155293325
3321147001 794324381
931214748 166253956
883979763 3239896293
94034055 4123702182
3672382047 1756677964
3772795743 2165349410
560197818 2480353191
1074197096 2315868418
533636932 1085135505
4253383726 3776157102
958170115 3095553191
2219418157 2957652281
473839676 2964845823
504218327 4182990535
1212401510 3828033145
113835676 3460363508
4203713910 3327880451
199574579 2973282126
265019961 4041565295
3527152799 235550764
2022653504 2347702850
530074984 3613964475
2563190106 3651651212
1708005149 3139413040
41760904 2489220913
1188697518 623063855
1776747393 1866145202
1308494323 254171229
4116749814 504510946
294685620 1202101957
2434344270 3411017143
2520339758 1830261320
3928619313 1122784173
3289366989 981847697
1575187745 4021782220
3299656456 4191923920
484949049 289867512
2111683224 2270103939
601271710 3201571379
3016085108 2076540554
1792909194 807397677
2763343495 2165130315
1132901456 4020931470
298484090 389041070
1258267285 2448819536
2805489306 2100235810
1307656233 3120666037
3031724547 3275433206
2880706157 3693000757
3817361339 4190877648
1565241946 1848961907
2623029543 597791826
1341821631 2720253548
4015135169 4122697604
3686264152 977812027
3525656367 1684353895
2297509944 3205594346
3669620283 3357058484
1803417120 2597881659
2349702275 1443729023
2236001776 1827618525
2317058667 1313406987
2879736984 1101734491
508335698 528093165
1450906329 2739100465
788134907 3581160607
3056779096 1575663878
611611447 1140351689
36987537 1293662394
1669126292 1154859166
1379000215 1473962668
3622406474 1496768782
4084641662 3758167627
1285288119 9965477
3106855766 1279973977
2070359440 1130918879
1325535081 1476435345
1416602714 1689920062
1910294828 3585091417
1371480121 4189410422
3664308680 3457110254
2837590322 761795698
2114071272 2286841325
4279384073 2115126393
281901788 3041001501
2900092921 4068214899
2908819868 2625218104
2150458547 2695898858
1949012405 870652615
1710751454 646831965
4148615852 2934163418
3669430742 1656776064
2003764062 3183225210
2243831976 3874723097
3866686983 786623655
1586856678 1709881131
492065146 1873866080
1021477510 139242977
4150356430 3939004886
3339603507 4123970923
2941325103 1335268403
1395978328 2488154853
3858966904 747976313
3002964906 1863002569
1830633380 1101250147
1346288639 2342181283
951733614 848644810
2277096593 2711797902
666405686 1928930638
533236909 1818287827
1363911647 2884053707
4281338058 518770317
1646612721 3761017998
4163246507 2704370131
1623207521 3879877289
429250868 3325705002
1433069259 1901375765
2359855799 2146905974
2600641123 130006027
560479586 882023037
743424717 2480262460
3082715347 74761661
3902600906 2744748278
615592768 91598534
798482939 3513943779
2062470522 4144209037
1214351371 3416714015
3344031991 105610552
2736351900 3367662569
2474513941 3269793960
2270912181 130281432
2362114470 3314607311
1185422092 3770019065
2312450378 1743961690
225814649 57276130
3767220122 2449965028
503532549 793484118
3675352925 1916884473
4275712526 3670987067
4202521845 1279176446
3622847560 3847537254
1215343265 4263369728
65038574 496948543
1564541266 1575182344
1400295362 2925571177
1147819055 3451586220
223690397 2133204847
2657519009 108263441
4137861441 21370234
118271799 3536386946
846525335 2363410237
3476803168 3033344923
3848501326 3691007607
3664192611 1415439933
3885311417 2300874570
724924876 4065403402
1547626922 940404780
3934188218 1736696696
1758288850 262522122
4000002342 2363503937
1451584751 3163487951
2031325676 96350195
1790469425 149163082
424211422 1414142681
4211070959 1371626889
1372482830 837654717
3594359559 4107871290
4287010216 583959457
4121479897 901841556
2875743399 948259844
695153641 2060116899
1023412751 1489937204
899037019 2801358909
1131496552 2644512904
940966240 4064236971
1263301150 1269554099
3613986608 2436142343
2498196640 2238696410
1344408806 2670547247
1664039114 1238724262
3228130984 2560607056
3130183826 2940857515
1178112399 2854566939
2894181112 3145852129
1242909906 1676216626
860794459 2420682000
466337207 3472926170
106199027 385236533
1114349309 3609316362
1251787782 614767431
1225299061 2635305682
424935065 2070638310
1311406344 3864365644
2704186567 2943540416
2508558381 3376158662
1749014332 2165022319
199444755 1598578227
4072416746 119453116
2097290365 1563301065
1795556890 4166296953
1084741394 988542855
2274605782 1132597770
3112638732 1060470684
3802810195 3109301677
2378736594 3186066456
122888257 3781886060
3526296266 1887005152
742698627 1846885164
681495054 3802922720
3305741822 397681893
2767296352 3589373043
3822535727 2900278345
3739244295 2281558754
3977361711 2305832379
1095607965 4262492882
261996185 4100114515
998647220 2561158348
3203191583 2366758548
1227376701 957659304
4061528675 2528064686
1289506262 2049849534
4237539699 1667545321
1354635508 4095733535
3510282563 3859497469
1496795468 3728813020
3676436192 171201
3299535188 474152584
3782011461 887642101
4242296788 1260739118
1587576642 2522035849
2623999441 2837505257
4258432161 2807864455
900373057 1209272618
3295291433 1548635786
1622673694 976805926
2201753662 2934993942
2159519788 804296031
3039594215 3582581403
2567015518 787980949
379172451 623601815
2862096436 1336651070
2404694395 2420919401
3082571083 2841173763
3219425436 155298675
276971333 267088852
2796483118 4223546673
3796364241 1688248266
4294097623 659733907
735024548 2602709009
520352551 2121797615
749152243 1078433903
3612547465 3216379530
1554304871 1251135045
1240776905 2534289801
2560684987 78281813
108565375 1620019062
1488701498 2943240478
1076569687 1779083943
3284091450 3589037210
1565164576 3381221808
949163877 3647588517
658001006 1745203871
2670605689 3397316505
1631747438 1693687954
2188646812 2388891247
430643306 474730431
1272535316 1988394419
2082953148 662902078
2463839543 3186371721
4269632940 1656697331
4233929963 585585223
1712668028 2153711316
4222592586 2240673312
1114032849 3503225731
2591143394 3766398746
3762502735 2964163321
3562096844 4077122920
1148219645 686106156
2343897486 3213817188
3420251221 2497167703
2749084385 3520707573
3757006640 955016402
1201793119 2707364009
3682597445 3429574010
781883506 3887017290
3005887322 906013816
433523298 235084587
4060803227 3825264241
886125300 1308942961
3345755767 3307583694
2924858976 3601921764
2790593723 240342776
1425055768 3661803473
1861176959 1051555181
4018973237 3166196428
2724937866 4060199172
735399522 3172963882
1174733642 2177653018
198192073 2025907862
1351771565 2520596467
2753941107 3830906625
1938588187 171924779
1034428615 3890451928
2497117481 854157948
1840925288 2789847295
2257864497 3256636593
3884157515 3205751346
3854074036 3719007571
3949064256 4249569640
1055598564 3842195687
4126747981 3786258351
3241330175 1545530898
500040627 2793589249
3976408319 3742645993
1808286675 2090151960
141166604 104748387
2021487929 581119119
461565133 679431560
3140663156 2141712976
3201218952 797780447
3514763975 1277425999
1651100710 308056599
1860019395 911218119
1335479254 399221821
1522352253 519659553
640401359 1819555081
788700545 3142701947
1418674594 3687392052
2307465771 3223687158
643166784 1242396598
3290053781 3830794501
1651718979 3861811880
2232744756 383765308
2105108791 4168482619
827003238 66434710
149244272 2104771415
379452370 831999183
3339356869 4239799625
2738116080 325673275
3399977188 2066986314
705657833 534026640
465857261 1063146837
3663438854 221472816
1651572175 474186478
85221844 1352994064
2622812128 3325499449
210362350 3645898475
3121693921 2688874854
4012977579 2418255744
2676520061 573471450
1318970028 286222306
216047281 3721934483
1917650847 1692339574
353506553 2910461815
458731947 2562048463
475956664 980747541
1013881458 2587828532
1415028654 2168811123
171747090 166543429
3684283113 2126238500
3975281660 3232515953
3341388176 142914084
650987879 1145607297
4019005268 4008793761
544702737 4282772591
3513516468 2447698342
2049919987 1790983794
2974967268 3901698536
3179252341 3831889019
1087541147 973284092
782939647 646464870
4148811013 1825483745
2133319498 4209252153
2096942280 2408835247
1544490467 3972892292
4269254405 2434473448
2936237633 3584960808
2724735164 4186142183
3336363576 2612917186
1787576182 62185963
2386612009 1137358125
3114409487 740981500
2091310804 3559146851
3891023724 3502055469
3516135196 1362165802
460509381 2615011495
378113082 3281393747
869721156 782447378
3826578421 3305058213
3329780696 2024308282
1374260169 390220405
4144937291 487302861
1021740693 3934441858
4175427218 4123058057
375190021 134193287
2297915657 1448752036
3414309842 2497809668
2805952181 4237272591
2426797659 1457598511
2982524860 2875870865
492583329 2046509721
330120000 3077560943
3675986745 4288666700
1522062109 3663687382
3348497105 20971076
15649560 2712673521
2024560625 1818230578
1283078107 911238403
1642921593 1951573464
629851990 594965129
4253245109 1733779968
522572090 2999896412
716266764 2121032169
1427092851 1469008667
3937482454 1242713244
2241213474 1360191097
3261184224 4118367332
2806248167 3786279738
3043704065 3201601127
3823062432 1314695362
4182449850 3695423893
2743374044 1440493322
1138869998 4275211805
3646102653 1526316499
1176581700 1165392096
1313401177 1809113732
3486649424 2945532247
651766846 3555840540
238143405 493176758
4089552974 4211167957
2037768081 3029750588
3301570771 1617953996
1519306984 1707191037
1324648052 664243923
2333041946 949337450
1965138402 81520064
341874309 1003749441
2732016858 4176680358
1530918654 1317112880
1494863620 1488835818
3976574658 978398508
1943421987 2126918560
1884659314 2459080206
3452938666 1072798116
979878554 905840868
2103461602 1322856696
3634028372 24478860
1060760132 881471376
1006216353 2061764609
54134208 2046240341
371765888 2852790095
620012162 1483522815
2894328370 549566489
3689310765 2187583037
2288738189 3809591815
2958264454 3446870026
1241320290 1689519673
3446959616 3104087051
224165748 739704541
391726794 4255028944
3933248567 796286663
1870014550 2973212117
992381062 2859163565
3038351858 2389772216
2926789303 4066592915
2700182561 21967490
2423875272 822635740
3291797073 4259133157
2742468581 3328247944
404878034 4292961670
1630437366 613199863
2440326217 3569048941
2547866783 4259720892
1370810737 1390744161
1958012546 1549985103
2782796541 3988961055
2435753133 3407826449
2995070677 3169856177
1489512793 303515781
797445524 411691359
1363756853 2303640416
4073660742 2897623978
3665941530 3935422239
3667576234 246624126
3076928833 3454756741
1679860632 904070604
686037512 936797028
406310347 2979275765
472775691 2968213726
1258185232 3972649043
69433256 3935690750
1149251967 1974147000
1006829702 1837848178
1424677314 2328616137
4114982855 1004047262
252534341 3460794965
3573754748 1774190557
4240304931 2485248153
1947244208 1666343775
3085298167 3587917197
1237618180 2659026482
1206349975 631930842
126055568 2478777264
369586331 3555998093
2742206340 520054169
3411148962 586819068
1419080385 4128114845
3340458864 562866913
1944892180 811207444
3102547276 1460244135
1324936227 2184845800
2567332878 750450444
2689770626 446942236
2277193753 3491476509
2742378574 3482963765
2059099523 3060764968
3631876342 964095112
3321804303 4262277965
16701080 2061404303
4050565195 4172825656
153096238 583601180
1709423219 3341304207
1691823219 3786053145
3415220971 3086240598
1634015587 3904801153
3739267004 3297177490
800877723 755840043
2012311064 3479897167
2523778709 2248122883
1955379581 1724606085
3438840012 1961946770
1539180331 86977101
1691153433 2870336934
3526861548 3174214433
1427484122 3233921110
1829451688 866065092
798625108 4000335231
129527150 435311146
2532539518 865060750
3412679901 3136722993
3326541604 2665289546
660280002 1352643372
3543853820 1902360728
2890784662 2445768404
3479568391 1146136677
4174748587 1235778716
2932756225 92596449
2121900524 481088638
2404314000 4268717881
4042154752 1695600252
4102838101 1288685763
220720621 343067464
4273657677 3112987873
1529411317 15686703
3086739086 4025520087
8094250 1204497902
2363727828 2729595900
712114009 490996790
1670536398 3972341288
3606209480 2675014578
1408005816 2261208940
3524070252 3248642981
4084815111 1472846999
2637493780 773569169
2065917587 2839791266
3614871450 4015310501
2047820249 3062351420
3529638066 1360518063
172916039 3903511222
1977644802 2760225695
2279613072 1381357476
2609771929 3805146013
1656607275 1397491983
408704974 4130959692
1103747584 3838681312
4001930285 3497247388
1986108476 1170798403
1512916533 3220253944
3989134584 3290731538
1496979359 3883532668
965482592 2213378594
1339349533 286844673
1966849364 74271116
3737638931 1694890032
399809791 888996169
4013184994 717076269
3522040287 4032143438
18624776 8418756
1675149552 2680853934
2184374938 3117208629
3357616120 451156612
3872895141 4066412868
3463916618 2547854291
805252272 4291784737
3398641616 2578913444
3168532693 3775127901
2391764778 3879861947
1191236816 181945495
2011709435 2133945354
2829048427 630447230
3627857585 2225774896
1246047203 347977655
195688417 3430456912
3226727923 2400943246
1037615954 656220465
1414483958 867348944
4248805896 2665447417
4294519885 34048686
2114156956 3616956307
1028499728 1655379726
2794010330 3203840030
1945000848 3812713010
3148578272 1905994443
192094806 724502164
1157260357 3869188668
2769945824 616306031
1152731899 1270368608
1410249413 1046158322
1551368668 45677838
905546709 4111163726
3395588125 1452887534
4086733450 4056472260
3684789927 1646956807
4054873494 1705701881
3884469013 69027400
1836001200 1215427927
1250126276 2293732719
2332647094 731263792
3556549755 844443775
3077947833 3454346533
712018404 1270127013
907835502 1755057997
3969857753 2166493223
2179205660 1816597912
1852519629 1418925659
4151591381 1174012362
489423699 1598079428
1993099124 243954543
592977410 910508249
1344043624 982031220
1186022473 2157754653
1072903326 2902488347
2289043730 1590635480
3949143892 651195636
509549908 512608646
1240455210 1690000476
230664645 462315690
1497714661 3870650313
2279353850 1654783222
548963404 1614632679
743936372 1374970324
3140070207 2745728539
3705031530 35749447
1786515964 1844083990
375439566 2931619375
2949956343 3964580269
190578656 1222516228
667888914 751351041
978677033 587311871
3851162080 1334800136
3250117678 1284693270
1597807918 2317661323
1997884009 1750909427
2326856735 2733321417
2048856388 3464898300
3139227975 977220806
383961667 3208239369
3234573888 1222849395
699916386 975207009
1133494589 3799636886
1478805301 189789866
3487172505 668593320
4142947563 1504460482
811760948 3175951442
2366408580 402299279
146543355 2451081333
1255051081 4193141454
181056906 35817995
4035761949 468897947
2343477266 2260403130
2060042353 155075193
1292593740 1525636392
3597722939 1211326376
2541502870 1497535250
1817955498 3849208007
1267060582 1455022153
4023754406 840935287
2351894523 1694297217
1068579025 1858156547
1583136181 2251643613
321163052 19290945
1994787555 1235606271
3369646556 3549436849
3196875869 18803770
925541635 4177854003
488979853 849249975
3500428351 2566814100
3787268480 727947208
3670395504 1075493794
1039422919 1586870431
331983209 1836313869
3707732496 1192435610
1119930242 1855596643
130145558 432183810
2570918350 3699931754
1588297484 2258604927
3645627599 1440198275
2640034878 512709249
120429800 234064855
3600551971 2458121597
1044218030 2660450022
2278336593 2041600937
2444634896 4158970393
4068151948 632438134
634822544 2341472441
2019186705 1935740850
134555899 1130100846
2613672558 2727979786
1593790310 225032347
1985953559 2315739176
1081388652 88134185
529582452 116344615
1630936347 336689533
3197734097 2794638650
2515782236 3077133485
1987955083 1480440653
2307855832 1536645981
4214282180 1953265073
2626740165 17483130
3916098571 2466670905
3054126275 786397295
641489405 2161436631
3062640805 2875680357
3814342660 1080665296
2734510047 2769290307
3731607124 4176095802
3266853977 1548554567
511426731 654657732
2102497743 2231540853
2504005348 1170574840
1046390790 3991636432
3384958825 188680413
1095996712 3765651050
1229495144 2922764530
281512710 728072826
2325276201 2669758362
2702405180 2888116963
2610947300 1036794663
598018597 1905460217
