3981305463 834891553
2633475011 4010196630
2301020633 3802039342
2235720827 2381254507
458081494 2428432580
2748134773 2266814620
1247357050 1761549434
1004227201 131229638
2201474066 794535960
2642918964 2158384311
2593198244 4174386727
46645361 1258149463
1786706212 1190984896
4139333729 2079264614
267147208 1046898742
2259396777 3848133184
1640045887 1123279293
4256498311 936322919
3687846804 4214837877
3562878431 2695504452
443558104 1787675755
2395860414 1536542729
3190156820 2711402494
3964916810 1932932368
3912462005 3475669218
3760007759 1204710643
3455126418 3371002528
4259937774 2164906669
1971572207 3337091643
4064497068 2065763580
2930925621 3694810412
4247766954 3768362405
3225866133 2870928482
587738038 1725671525
470626385 3274310003
2912182805 3707395293
339979868 257291230
1231825548 985206650
3595367983 907656055
1590456255 3681235620
1666972139 136165221
2734540920 3027725478
1760039788 50772760
458911626 3274393753
2888221145 3986848942
646509016 485666825
3040779309 3681199526
1395738717 853058724
1571834825 1377240808
2141635757 4215012552
2939485270 511990604
4227380850 1876415635
2468751290 3910504948
2751908799 1956407207
2743826680 1099853397
430156416 3619387083
1946387690 3871821984
4163726997 559720698
252972194 2818700564
2548333137 3226758498
3965838603 3923810765
456291113 4119012286
3707237329 195673623
1309502149 565672854
196158418 2598941034
3424845686 1511506588
4180361926 4148683505
2059329066 2899195028
783157265 657378809
2161995623 1684836063
2187284151 2927430397
1842902562 1555869033
2192831154 3913986544
256663995 1595720524
3860852034 3489180034
4199805708 3363435124
157525575 708786612
3485741231 2920741389
2048091023 2860100082
3775983134 1661286869
199359837 1811598716
682031142 2283624213
2386451534 690857670
2890221593 3121955844
3926371911 537514509
3030884126 2180366114
1005310517 3509187210
3033917264 1327750512
1899211418 546959294
861046648 2625342179
3705403640 2668643012
1512283173 2912470966
1265343422 1290685616
2373892652 1576371873
177066899 2846615398
11150297 2603871517
32325055 3498658466
3727455624 3761899253
2314152150 984984338
4167418620 1068942043
4131716590 2810803040
2196505751 3778477739
2514627065 181753790
1819551089 4073750815
3231495425 1362564303
443423004 792025264
1254536781 685775515
769261405 3838626909
93095511 3324745545
356864126 1831511343
1217176665 2582169021
465434156 3947361212
3936121617 826715226
1302727430 4043284340
2230153194 885186823
2376187482 2287575283
2961691731 3242347471
1147022130 1545078136
1044598748 3376168805
3948657964 3403085684
1488604933 3885221192
1896636398 1164503618
3139283017 464488022
2352043368 1660915531
3475773149 4221905433
3236380725 4251091439
2309416907 2321820402
1366185851 232002748
2772196197 311545032
2200489009 3650179196
2654949131 3510344296
1457676120 3915203869
1312264055 398160683
2208439043 3681577180
2448571198 1588655659
3201807855 3677446724
588080291 2918959173
2915164977 1540965910
4201843890 2829657469
79852506 4041547192
441203836 2209238192
1230202675 1078759354
601403396 2245501406
970879809 4248204479
3264916807 1429584967
2385230316 767032302
1354910555 2143524329
3158447897 356540022
1246134578 1327749210
4039104860 1194334957
2928876413 1061012404
1277939836 3097769983
2976061675 108780914
2947482189 3416589759
3786867047 1771627295
2671416787 1786509566
1824156002 3594540569
623804274 1900187285
412279486 3395700289
2662494046 726028242
2240309201 1225327177
4247751790 2202722190
852468852 2234700209
3375377892 1323331274
1115396524 2231778707
3471526150 2161522007
4123663193 1824962986
802462474 1798334444
3881256858 3872092886
558064211 1483658814
1168693410 1196269980
1854466715 2056626317
1263474907 1624846003
2388804369 1668315512
3736020149 512131400
2080216581 2104958150
656686889 2134262821
1689918911 2976904280
3464991083 3986123934
3909330702 1663977545
124591441 3183422822
1786409859 825542247
1910771213 1135498105
507751163 402376361
1979051597 3838375161
2163417676 4211784538
3180298495 151665985
20716583 878983885
2020935896 2778573035
3122540260 3674729502
439187312 747515898
247678403 891277803
2949820392 550295658
4051292026 2981841803
2217170583 3691229213
2667697825 506350671
403178645 570744149
1552151564 711031782
3568983096 346919843
947135648 1185556998
803377269 3137662722
440927377 1410538506
2954626912 1176003888
1235761770 2064771964
197663108 1586943856
3337777183 183479564
4259767576 4058021674
2619693639 141021363
3005722008 3514386501
514888143 4188576956
1084879029 2849681011
3428753420 893598034
1931342294 3859264893
783943732 2023166718
1247476726 4068194314
4166421766 3361159304
2000133057 3257365253
2153837749 3096785429
1217615685 844825193
145854683 267977423
1329382359 1624802099
2670563882 921998335
1348186315 2673860136
1517060281 3521403658
137019221 2001624081
3699644466 3074128539
552114048 2647233029
3279240825 512448318
3056052522 587772508
2210019646 926831562
611776055 831825873
393443682 3704165715
1909069525 1130896925
2324075178 847279469
1802492864 58426201
4126444173 3353323391
2190511865 3524472909
1722155255 1605274849
3494403000 728045090
255264910 2724319119
2761604518 1072482863
1164481551 2334527127
4116055243 3071535782
3423297072 1030458162
1207901122 351127501
3408035697 670277233
223903311 1600642895
3461835126 3484913563
10629072 2747743105
3470558170 3814925858
2372595296 2394502499
2111499730 2694072693
1497827548 2472970229
887440329 3234201087
2962674639 1441971406
2748691708 2086110670
3817929938 2007117405
1253191327 2605387004
2699412721 1482886200
4229549905 2434910925
295477724 768741610
1741764787 2163926939
702731426 2719604539
3792075576 49772174
3314539383 1011066943
828099812 3297045042
405557205 2292436394
2049577348 2772311744
744578000 2324621242
4059713355 2254278604
3728616342 750963384
1677350213 709530803
2281752069 3538518913
4045050904 1433280699
3726596554 2109693903
263012879 517278597
4276122059 3687137704
842345124 2406206745
3957524009 353934895
2946929870 2260907387
2995125268 3230091273
3119093783 1062349480
3736812648 3677073497
3364967161 2348863094
1541907048 1338776842
2914362987 3372352995
2906800876 1276300928
1284800342 2091274231
2183345704 2107072571
3611693065 2786970200
3085694100 3408404888
110294316 1841371418
2688459713 3681932021
2615983412 2084843017
2530402952 51207693
642990546 514828483
3364672872 2409674408
1571935120 3428870560
3613561403 1043601054
4082163796 2298930876
4071601309 176088912
24384673 2123772785
211973558 2940200461
1926231334 305487710
1800636532 2240116862
3517128477 595694224
3122473922 3707435500
1869971770 2499155460
2049546750 1099121615
3007938620 2573398278
1255017844 4278381010
2663469559 2217734031
4005587152 4208651252
2756440220 2181016122
3981865435 992036510
1315080350 4271625347
1083643430 1185547168
3421622057 2453688025
4117778411 2514156334
2135251638 4238346982
1167389264 3125930544
1045305279 3026663240
1222151085 39536277
2229164437 4057281726
3612635110 1281577764
1351497958 1973941921
2035957236 236823644
3813974085 1139477245
4255261500 939415705
2778220280 3595054183
1264205454 2759216596
1519698795 3567285867
1310704156 845385056
4012960907 909342746
2106022561 201004336
39258672 1870530878
2539834803 644482716
512824919 339658990
5171548 912107214
3480442231 502296897
821029188 3948811428
1696517569 2035756595
3519919996 3240630499
3005897870 71382449
3658950250 1627007034
938964732 2625692334
1532578957 449125195
2903457727 1441616070
3468257516 1395501712
1545707811 2612757613
3642488247 1154692460
2471097646 1245765860
3423317448 4085711688
4063879885 1772740545
2977314156 2824523501
3178597354 1707303302
2545182117 4054770861
2309460187 3129484462
980028827 420689084
2817650424 3626285387
1147845811 3047202400
551244995 862194732
2669795015 1336152971
4202405463 330457574
950686774 2642631762
2532858286 1600038359
3521736836 1789311533
2768697620 1984255502
4135621011 3811703875
1517223967 1312926165
2819253876 2398981393
800696306 2905397507
2046938483 3509692329
924801453 3781576340
110496844 2316516265
1994211119 1165955738
3245471753 2726282704
1170701383 901347388
2740070507 3416101719
1946189824 3340288012
213942827 2522536240
4195431401 3788822445
2523921914 3859360029
3607036430 177926704
120207450 517191282
27063491 3063296642
3912424777 3291139793
2260548019 22256086
4276313868 2828397223
3586778319 958635646
1297033717 2680258164
2514755120 1459658627
2486023459 529216843
1033397668 4022292915
831354372 2034535665
1425362952 183904209
524569989 598231461
1260032150 1523146116
1406082083 2271978983
706082426 3214507512
265133298 221877922
2484403813 2886893194
235867741 3527608343
836742592 1878875939
3702344572 1178861609
3945694543 273427269
2206512646 1767754913
3772018124 1216933813
2724456726 547001576
3234023852 3452983337
1857491442 831532970
1507570332 2754466583
3969036278 2427991793
3435362423 3120341065
760489183 1716325209
1874600238 1300590316
2899022712 521904208
3241503273 1252913013
1795331591 136838057
3372834380 2616601890
1764693816 94263511
1641041215 3725326155
1169274793 2144295868
3120411038 502223335
2136586497 2982768578
178285897 814279786
3620433442 3210912006
4081957869 3648276771
1669277830 3426830605
433781228 1824028994
2112460332 360728520
3022299305 1810312219
2862097320 2750547213
2955026506 1892993166
621478136 1817157901
3901593224 3255565842
3727299256 1420493255
1151552376 1255184287
1754575781 1665042643
1676836313 1905528402
3824793434 436806118
3024060420 941000467
740251067 1876737104
62715455 3013079616
3944412205 3576721662
4261565379 959217905
829078689 3988075911
2719220254 2189696536
4142053163 3808572236
3636114623 2366476022
526514869 2300064320
3153323732 168030072
2722922791 1260107550
2665240094 449468029
2515146453 3508966356
2938258135 2979359891
2085582582 2168672750
2571299440 1680575449
4080679119 1306231162
930851907 3777345098
1586662167 404965828
2507083062 2354377851
1474130257 79760160
1067373583 1909562453
3824295579 946152118
3470725096 2911223015
4151116430 3364767079
2797326460 3601990843
2161991681 1240560862
3984379586 1789843815
3790500 2333640845
250301431 3134325292
3327688418 138977421
4281768481 3754319867
4104973085 3027834431
2000846620 3388623720
1373187837 3208038931
2491860819 530015788
3753626648 1908465814
2906864265 454433173
2958585888 3337789793
1607669049 4200498752
3505264979 1788399031
3233187893 3727687417
203940588 2343529402
2730328885 3013292826
83544559 991983382
3282984546 4272669818
2619501521 337912217
666178464 1216212710
4266141152 624045588
3209791246 520191219
3981307630 1395461452
912737423 1369986050
687761049 3109378052
113539586 2101258239
775892277 2963100647
2081692694 2759500352
931447654 815217660
3381740457 1689694531
2657791182 1760948121
462467712 327254121
4001299761 1584159199
2686943081 3079963908
2239964296 3120460013
4016855850 2219620925
1822972420 2024218962
168508476 3924051093
1004295924 1090907618
2248946841 4133081984
1131507614 3658460365
3274641195 2729782523
867809522 2976510308
1271156897 4086878100
483348557 89987966
1141442329 849629516
848643336 3670092383
71688150 2422986868
2927598151 686854102
2160053932 1262282121
1899005246 1567351835
1587436434 1265247963
2798048829 1343242453
858663006 1797227088
1594150769 2179282071
1024963261 3893199457
2904088275 1293706569
2658150820 376367127
426246431 3221404830
1767780491 144029142
1221668637 522225943
4283248341 3667973731
870780114 3047146457
3673055941 1041764498
3220100980 3843160791
3961546225 2807276670
2139622348 1038214096
2187361703 837049530
2404960029 397807895
1124051184 1528334215
4105816895 2301025695
2522895524 1555959907
1822185952 4128474248
315412399 82281724
3143596764 16785516
2852365453 3217793713
4263069501 1841574091
3551202069 3866907211
3706068739 3364229868
916527988 4043019024
243238351 736798155
2978823939 2497590206
3318593157 2037599379
2304763526 238690348
4218987147 1400084103
3314857742 1725970963
4209984999 1007437318
2105056820 4180639525
2463856006 2245785732
2726801641 1099811684
2035093576 3612048959
2270984666 2527167782
2037878775 4175359220
2857624457 2959171443
2157313532 3342383063
2847770041 3754793266
1990415712 647709442
2905055787 1884766241
273872659 28138413
619959645 1134586400
2096688016 3417630319
2604111701 95951730
3243908956 1891785934
4015409677 2822387737
2688209244 2228249797
48447503 2537186347
3843655937 4127140430
670924951 1116432298
301383571 731293172
1207164029 4202535342
3354563901 3066265784
980748590 1750888557
3927465184 780112927
380531838 3800524800
3675794384 2350317486
3084739487 3201623719
1302392046 727098242
3299529528 2080704391
4187474600 3738647396
429758672 3784214720
2609444552 2879848136
766109007 2246328213
848204056 2794379788
2409997902 620142952
2074298812 4171667914
1941854794 3457029546
105958841 1217984628
3326520306 3636353885
237323546 280601933
2075838900 801944891
246105362 179374793
3387977091 1831658149
3690221380 300126520
2672465879 2441874038
3157206798 3756819206
3887647512 1023811883
2613617042 3902129808
96607205 72334233
2493860312 2676381285
4155986248 1574039478
265360509 2821304848
745340795 916709373
4192665550 3340662644
1229101396 3947461120
3516946349 3730846326
1215478517 2672230447
2917772401 3983115456
2481817707 3440054273
819123206 3499982949
883155930 4288274546
2107097097 1835736922
3057629189 1985485750
2860038324 1260752176
851780837 1654571804
2969917799 1600024633
107881702 4000210441
1228516242 2669046166
1904112639 3284340998
1673530204 2431555978
1159306382 1757917774
3667546469 3501076895
668814263 3406252682
2748933710 1276377233
1997440676 1998228665
2593019427 2021954444
1055567646 3049064051
2367885262 861796905
2957390178 3411645239
2997862248 1916542070
3803511109 2698056642
2209214623 3772474433
275626029 2890608251
1008104694 348840384
2686065629 218796646
1803888834 2351168804
1405877819 3658690822
2576560829 1500433975
4237878347 203579963
2246550761 1561107843
1061775745 3873177014
694587988 2159940556
1880185497 834824132
240708060 187573262
2296768386 707157215
252130634 527196101
1747540511 3648972079
544243035 2636834015
3580978839 2787782949
3716362360 3735477139
1570742515 2659219315
1194119580 2321300468
3043071757 1593803325
66876247 1107334050
762385665 1890084255
354199723 2448681213
22199496 2441025080
3223181628 608159500
2510508664 1756542557
1667745633 3825508346
3341861672 2437037772
430849883 1949232042
3351294710 2557241791
4095999358 794632357
4018481301 4079189725
2077314472 1199463615
1655228961 2368360359
3075922758 3929131417
955379998 3003936485
2506426187 1544302838
2475715114 10302006
2455408053 3248558920
4275264171 622269616
1897360413 27253313
84808367 3953425278
455426809 510133431
3870297494 3273954366
3578826876 470074261
465244434 4047159615
143857147 3437201563
2142941218 2411875169
3585231820 71324593
1054385554 618829467
3320782064 3571976013
3339599959 1022405316
2527200559 1178146028
424404138 3526568482
3351709458 2750865203
3709796789 2914513392
843722333 1225982059
3812133076 3933493313
2160827629 3855395766
644994177 1800703874
411767416 3672772768
125093023 3619562961
4224416711 806348743
2637384903 4228064840
2671555888 3235543627
3918728398 2048817657
1756117478 1520370986
3292397373 3650527081
1553469994 2928445238
2419058166 3345354179
3617845812 4145875556
1622882536 811317697
745774330 1078265788
2264878911 3891121065
3506292131 2521738068
3991754565 548164253
3053932423 2474210781
2357912330 1060112875
1611373392 2744860404
2118070434 1747568148
3433625472 3733107184
778559004 3755707359
1058573171 3713647132
2016577218 3097578899
1011413060 270620517
1546616086 1462745771
396845829 174902025
492219332 2067012396
1106787124 329632439
1864329387 714287343
855439397 2869141079
3675003251 1263407005
407736820 1153635082
2919408622 4010195465
635788120 3929057313
770355429 467238769
4105174371 2000315365
2709729229 772939316
3416666557 3183644372
613286115 2690362001
663840840 3977353308
3703848127 318960461
1626429232 2358354572
2611932532 1134736909
1708337774 1620412574
2543417297 458696780
2306358469 2075841067
3819780514 2171811866
2221906667 4013325676
3394331367 3638025837
3677486215 3545318265
614655644 1342522923
2162406165 2820672543
260322771 2078199800
1688299210 248592014
2261441355 141271501
1703639227 657991619
988335981 2771155995
2556205757 4300405
3459521645 2497966615
2579604787 537559621
122965801 3905441452
2922408906 2144402612
533299368 3520813922
3643803143 1639156888
18751139 1100204893
539002185 591013579
1907298994 636128052
1425132518 2648585339
1456138972 2677258028
2115773787 4163695008
172799294 4054542318
2670903207 2166657000
1949262041 550785390
1431374305 2807449902
4020518230 1646430919
1076213290 1976117639
2892804478 3115433861
2662298233 664245298
1240693666 514117261
1744493280 3025248223
3154825883 2443012077
1138255761 810906028
3126678966 2600501293
4109121232 25498483
4227925022 526371086
3233263467 4179591541
2723783903 961312955
957181932 962853023
3969841120 3424006796
208645257 3410966898
4286399589 3417298300
1012332212 3988378420
2389267231 1352519117
952501503 3909523680
3403055580 2227574057
1738494885 2991258341
2684291808 794839445
1941781370 1131592518
68296265 4009311704
4190290544 484154718
1057797643 765331216
2804572961 2268883680
1361490910 4158970600
156155724 2115641099
3673809694 2782815076
4267570453 3129113688
3168870841 2798234779
2333153958 1592183021
1720736711 2228753235
6324709 1792666014
2998176885 2738216645
1089058013 1274166353
402852398 2607619388
711258627 1500064361
1727204757 953033233
729940569 2160195940
592298660 4161762676
3063743618 3436792721
3427116772 776390525
15473240 1393573126
1133063749 3463047576
2521246235 3226341775
1323174548 2408499017
1480479153 997479583
2141522117 3902117148
2773395785 2660153216
1831538351 2706797861
1768861417 1509906569
2957204613 527343789
426565304 3041060386
2182946016 3061081408
61286611 2047682212
905891235 1629789371
3590914085 1132095399
388540443 125942495
2744051502 654613011
1988803734 249925133
3807840287 3550522322
2754150739 894060579
556549695 3912141456
3543421321 1323012137
2192389162 3022175378
738702985 3033572393
4225707881 2646470314
1084388986 2697509954
2058229644 4158792576
370895270 2341390126
2173194619 670141133
552770578 2856902875
2472956057 1060219062
2932108455 848379731
2465713622 215951993
2973165601 3203843284
1654170280 2373897879
1300924359 1830039965
1771714522 939774697
3123453389 2456162078
1350010240 3949659082
2680264574 3916703399
1868970381 3496207585
1898175043 2312906748
921249525 771061871
497369897 2267366817
3843341061 1921473961
1921696468 504069121
1143304924 2999965693
2073573086 3083822016
1264935635 649394745
2630224037 1927547876
3022454706 3269077358
1236427698 3611890
459879511 2200263598
3985845566 3389185574
4164748877 601220194
3240920053 3720602450
2839430493 422561897
728745685 3153069812
3440278484 2689742281
3798593223 85843921
3208617538 4198455763
1605257442 178162552
3092914405 1439016691
868509115 594071398
3169799009 1633670952
311371413 2471526421
3393682152 3741046488
4227964383 3270434096
472601657 2110766924
1612723615 1573070394
3590494193 1856871326
2395577318 2147115167
1856896245 2769366320
1851749027 1470515381
219611730 3942021136
680094113 239299252
697730046 1089740437
863569904 246866784
2756225064 504834889
3025711966 504100945
2213742807 2913892720
3357190097 1863560511
3237345005 470630615
843430203 1294156400
2161385637 2266722414
2595172129 130703948
1713128765 254792694
4035140282 2090906223
2143142006 218075003
681935900 1576077099
3154723847 2238742140
3200084117 3782831959
3418150556 3607516110
3995078564 2772856851
1304370032 2986476794
3460883737 679054860
1140751747 375958023
3330735676 2109594881
619152703 1426500282
1659063043 1611320397
1450138279 3547893030
2611653344 2090917656
4204645994 1938971141
1829813704 3431060095
3935875833 336587247
2355313519 2775396089
1771002570 2742289394
3785832358 4126909821
4098345859 1030017161
2751827945 1450016477
1516476549 1981131006
1773440835 2388565614
1825711462 3273663511
3293055402 1698164797
1213624736 1982024913
1085447271 1154266967
285947447 2958344111
177343349 216998995
1535467067 2805696518
1939246954 1794898309
3220899150 188904284
2467820880 3493060267
3942519178 624381355
1938381730 2803645485
1151074442 1442402379
3208274644 2630727882
4091986465 3986447499
1512034188 4069953571
3829420629 1928166615
1242143887 4285334828
607771758 584284699
1633185558 3768433909
3405898499 1204319366
1433293240 1730229028
2233180866 3963861872
1840623354 3619733341
2469314663 3966276196
2962893867 3736109306
2838075119 457369451
4018313433 3275325926
5594972 757514599
341798217 14029961
1976015970 776201450
2726747203 168160580
869302785 3024239109
1292746821 2760805163
1658787187 1516371608
3248425936 1876780661
2236375887 1648879543
2854239481 3925251939
2044748713 3476307368
415336438 4020370337
1745037825 1811006805
2256574857 351996060
2299008187 59402478
2461172180 1770629488
1761652371 803778610
4139922336 2579428026
3569957767 2878103982
3967991204 1591996860
2269161870 2525944017
1967507705 1770624979
3277589114 2214713902
594497157 508361935
1308062741 4257097524
948365473 1737064879
814169797 479307375
3335910784 1465150807
989768850 1082635640
1745266210 1669242581
1475805775 2144011443
2840265897 554822911
1224293945 1690331858
397590129 2746300281
3222945676 1739739256
4265736692 2537940223
2724006166 4248532403
1851514578 88849191
